image_width: 1920
image_height: 1080
camera_name: Cam4
camera_matrix:
  rows: 3
  cols: 3
  data: [2892.323545897586, 0, 944.1840341199841, 0, 2897.609066454702, 530.4022268574593, 0, 0, 1]
distortion_model: plumb_bob
distortion_coefficients:
  rows: 1
  cols: 5
  data: [-0.1545602122433236, 0.7019071509720489, 0.001588231224564597, 0.002751107519276553, -2.601524224674274]
rectification_matrix:
  rows: 3
  cols: 3
  data: [1, 0, 0, 0, 1, 0, 0, 0, 1]
projection_matrix:
  rows: 3
  cols: 4
  data: [2892.323545897586, 0, 944.1840341199841, 0, 0, 2897.609066454702, 530.4022268574593, 0, 0, 0, 1, 0]