image_width: 1920
image_height: 1080
camera_name: Basler3
camera_matrix:
  rows: 3
  cols: 3
  data: [5637.719324973445, 0, 956.2678495258241, 0, 5637.820368950628, 460.4885568075214, 0, 0, 1]
distortion_model: plumb_bob
distortion_coefficients:
  rows: 1
  cols: 5
  data: [0.1818614955644625, -7.858152161751057, -0.01356689006661691, -0.03120398446162674, 128.9493392490015]
rectification_matrix:
  rows: 3
  cols: 3
  data: [1, 0, 0, 0, 1, 0, 0, 0, 1]
projection_matrix:
  rows: 3
  cols: 4
  data: [5637.719324973445, 0, 956.2678495258241, 0, 0, 5637.820368950628, 460.4885568075214, 0, 0, 0, 1, 0]
  
