image_width: 1920
image_height: 1080
camera_name: Basler4
camera_matrix:
  rows: 3
  cols: 3
  data: [2846.135165172087, 0, 979.5877799053723, 0, 2847.453332822392, 606.3400445363236, 0, 0, 1]
distortion_model: plumb_bob
distortion_coefficients:
  rows: 1
  cols: 5
  data: [-0.1058112881956576, 0.02311476983326305, 0.00117359358802079, -0.002560149805745589, 0.7325095843995485]
rectification_matrix:
  rows: 3
  cols: 3
  data: [1, 0, 0, 0, 1, 0, 0, 0, 1]
projection_matrix:
  rows: 3
  cols: 4
  data: [2846.135165172087, 0, 979.5877799053723, 0, 0, 2847.453332822392, 606.3400445363236, 0, 0, 0, 1, 0]