kinect_link_pitch_joint: 0.668713033289341
kinect_link_roll_joint: 1.32011441797244
kinect_link_x_joint: 0.782884320346946
kinect_link_y_joint: -0.0838310953890936
kinect_link_yaw_joint: 2.80818659313664
kinect_link_z_joint: 1.14255302597317