astra_pitch_joint: -1.5313226638030493
astra_roll_joint: 2.6053871998642424
astra_x_joint: 0.003477270857307351
astra_y_joint: -0.09213313926474112
astra_yaw_joint: 0.30935016980114216
astra_z_joint: 0.09496663698110014
target_frame_pitch_joint: 0.004160506641557161
target_frame_roll_joint: 0.007095682786693534
target_frame_x_joint: 0.6991203101960196
target_frame_y_joint: 0.4934759985738543
target_frame_yaw_joint: -1.1489716683859448
target_frame_z_joint: -0.04638059056228409
