Basler1_pitch_joint: -0.004752896147717653
Basler1_roll_joint: -3.133247938668712
Basler1_x_joint: 0.01482486140093115
Basler1_y_joint: 0.08223718232765087
Basler1_yaw_joint: 0.0206773457391983
Basler1_z_joint: 0.5634416478442467
ifm1_pitch_joint: 1.521005992370334
ifm1_roll_joint: 0.4267786115252178
ifm1_x_joint: 0.1628091099877394
ifm1_y_joint: 0.0506985462767942
ifm1_yaw_joint: 1.999304620259485
ifm1_z_joint: 0.8765267525410603